# Bird_B / DJI_0119
# image   : /home/zygfd/waterflow/rebuild/dataset_full/Bird_B/DJI_0119.JPG  (5472x3648)
# labels  : /home/zygfd/waterflow/rebuild/dataset_full/Bird_B/DJI_0119_bird_box.txt
# boxes   : 70   species labels: none
#
#   idx      x1     y1     x2     y2     w    h  species
      0    4525   2776   4559   2844    34   68  
      1    4409   2749   4452   2801    43   52  
      2    2012   1599   2047   1627    35   28  
      3    1459   1023   1492   1051    33   28  
      4    1587   1044   1610   1084    23   40  
      5    3230   2287   3264   2313    34   26  
      6    1215   1295   1241   1329    26   34  
      7    1555   1190   1584   1220    29   30  
      8    1005   1392   1041   1416    36   24  
      9    1369   1472   1413   1491    44   19  
     10    1485   1153   1523   1175    38   22  
     11    3171   2234   3194   2270    23   36  
     12    1605    868   1646    888    41   20  
     13    1405   1084   1436   1110    31   26  
     14    3357   2392   3395   2413    38   21  
     15    3355   2226   3394   2246    39   20  
     16    3325   2297   3345   2336    20   39  
     17     795   1807    821   1837    26   30  
     18    1147    672   1178    697    31   25  
     19    3257   2399   3293   2420    36   21  
     20    1475    898   1509    920    34   22  
     21    1532   1111   1566   1133    34   22  
     22    3204   2390   3241   2410    37   20  
     23    1105    571   1126    606    21   35  
     24    1144   1406   1184   1424    40   18  
     25    3291   2178   3328   2197    37   19  
     26    1652   1136   1693   1153    41   17  
     27    3136   2345   3169   2366    33   21  
     28    2101   2053   2131   2076    30   23  
     29    1195    626   1215    660    20   34  
     30    1738   1158   1762   1186    24   28  
     31     939   1812    962   1841    23   29  
     32    3133   2205   3166   2225    33   20  
     33    2184   2096   2224   2112    40   16  
     34    2189   2023   2226   2040    37   17  
     35    1635   1003   1653   1038    18   35  
     36    1196    526   1231    544    35   18  
     37    3384   2148   3421   2165    37   17  
     38    1645   1233   1662   1269    17   36  
     39    1722   1051   1742   1081    20   30  
     40    2067   1584   2106   1599    39   15  
     41    3356   2283   3390   2300    34   17  
     42    1519    950   1537    982    18   32  
     43    4003   2030   4021   2062    18   32  
     44    2792   2572   2814   2598    22   26  
     45    2693   2664   2719   2686    26   22  
     46    1150    578   1167    611    17   33  
     47    4069   2110   4097   2130    28   20  
     48    2668   2535   2702   2551    34   16  
     49    4024   2056   4055   2073    31   17  
     50    1014   1773   1045   1790    31   17  
     51    4162   2180   4183   2205    21   25  
     52    2599   2689   2621   2712    22   23  
     53    4230   1980   4249   2006    19   26  
     54    4060   1913   4077   1940    17   27  
     55    2557   2588   2573   2616    16   28  
     56    3730   2488   3753   2507    23   19  
     57    1239    993   1263   1011    24   18  
     58    3709   2484   3724   2512    15   28  
     59    1019    865   1038    887    19   22  
     60    1254    935   1275    954    21   19  
     61    3904   2523   3932   2537    28   14  
     62    1140    916   1156    940    16   24  
     63     872   1035    897   1050    25   15  
     64     954   1060    985   1072    31   12  
     65    1122   1003   1147   1018    25   15  
     66    1129   1136   1142   1164    13   28  
     67    3784   2512   3798   2538    14   26  
     68    1141   1019   1158   1040    17   21  
     69    3777   2539   3802   2550    25   11  
