# Bird_D / G260_22Nov2016_0139
# image   : /home/zygfd/waterflow/rebuild/dataset_full/Bird_D/G260_22Nov2016_0139.JPG  (5760x3840)
# labels  : /home/zygfd/waterflow/rebuild/dataset_full/Bird_D/G260_22Nov2016_0139.txt
# boxes   : 62   species labels: none
#
#   idx      x1     y1     x2     y2     w    h  species
      0    5202   1201   5236   1233    34   32  
      1    3860    628   3906    651    46   23  
      2    5357   1303   5397   1329    40   26  
      3    5422   1513   5466   1535    44   22  
      4    5494   2095   5538   2117    44   22  
      5    5425   1596   5467   1619    42   23  
      6    5428   2359   5465   2385    37   26  
      7    5379   2114   5419   2138    40   24  
      8    5262   1083   5305   1105    43   22  
      9    5429   2074   5464   2101    35   27  
     10    5573   2756   5610   2781    37   25  
     11    5572   2695   5600   2728    28   33  
     12    5061    263   5084    303    23   40  
     13    5665   2018   5688   2057    23   39  
     14    5470   1872   5499   1903    29   31  
     15    5312   1115   5354   1136    42   21  
     16    3898   2484   3932   2510    34   26  
     17    5432   1436   5475   1456    43   20  
     18    5572   2296   5611   2318    39   22  
     19    5484   2323   5517   2349    33   26  
     20    5551   2266   5591   2287    40   21  
     21    5479   3263   5512   3288    33   25  
     22    5513   1468   5552   1489    39   21  
     23    5189    923   5228    944    39   21  
     24    4134    765   4161    795    27   30  
     25    5510   1809   5533   1844    23   35  
     26    5383   2229   5423   2249    40   20  
     27    5267   1898   5292   1930    25   32  
     28    5472   1560   5496   1593    24   33  
     29    5731   3715   5759   3743    28   28  
     30    5515   1727   5556   1746    41   19  
     31    5472   1381   5515   1399    43   18  
     32    5261   1340   5298   1361    37   21  
     33    5497   2153   5532   2175    35   22  
     34    5294   1319   5334   1338    40   19  
     35    5206   1092   5246   1111    40   19  
     36    5436   3791   5475   3810    39   19  
     37    5303   1895   5322   1934    19   39  
     38    5290   1267   5329   1286    39   19  
     39    5288   1190   5327   1209    39   19  
     40    5489   3771   5526   3791    37   20  
     41    5180     48   5202     81    22   33  
     42    5390   1382   5427   1401    37   19  
     43    5362   1828   5397   1848    35   20  
     44    5486   2280   5524   2298    38   18  
     45    5583   2102   5619   2121    36   19  
     46    5272   1825   5308   1844    36   19  
     47    5640   1471   5660   1505    20   34  
     48    5102    795   5135    815    33   20  
     49    5451   1060   5473   1089    22   29  
     50    5201    842   5234    861    33   19  
     51    5645   3667   5663   3701    18   34  
     52    5188    348   5220    367    32   19  
     53    5516   3820   5551   3837    35   17  
     54    5437   1736   5471   1753    34   17  
     55    5325    980   5354   1000    29   20  
     56    5595   1628   5631   1644    36   16  
     57    5161    445   5189    465    28   20  
     58    5659   1651   5690   1669    31   18  
     59    5247    888   5277    904    30   16  
     60    5495   1667   5521   1684    26   17  
     61    5359   2280   5381   2297    22   17  
