# Bird_J / Cloud_Land_60m_DJI_0671
# image   : /home/zygfd/waterflow/rebuild/dataset_full/Bird_J/Cloud_Land_60m_DJI_0671.jpg  (5472x3648)
# labels  : /home/zygfd/waterflow/rebuild/dataset_full/Bird_J/Cloud_Land_60m_DJI_0671.txt
# boxes   : 273   species labels: none
#
#   idx      x1     y1     x2     y2     w    h  species
      0    2065   1318   2095   1346    30   28  
      1    4520   1741   4551   1768    31   27  
      2    5237    916   5261    948    24   32  
      3    2901   2227   2934   2250    33   23  
      4    5381   1264   5409   1291    28   27  
      5    1529   1729   1549   1766    20   37  
      6    4666   2296   4688   2328    22   32  
      7    4192    447   4217    475    25   28  
      8    4800    325   4830    348    30   23  
      9    4416   2293   4446   2316    30   23  
     10    2553    325   2584    347    31   22  
     11    4800    993   4833   1013    33   20  
     12    2788   1043   2819   1064    31   21  
     13    4722   1310   4747   1336    25   26  
     14    3591   2831   3617   2856    26   25  
     15    4614   1759   4640   1784    26   25  
     16    5394    364   5421    388    27   24  
     17    4718    922   4746    945    28   23  
     18    4999    548   5021    577    22   29  
     19    3423    587   3456    606    33   19  
     20    2054   1297   2079   1322    25   25  
     21    3819   1758   3842   1785    23   27  
     22    3134   1506   3161   1529    27   23  
     23    4349   2231   4369   2262    20   31  
     24    3959   1686   3979   1717    20   31  
     25    3232   1383   3254   1411    22   28  
     26    4912   1225   4934   1253    22   28  
     27    4190    112   4219    133    29   21  
     28     842   2619    872   2639    30   20  
     29    5245    399   5272    421    27   22  
     30    4973   1726   4995   1753    22   27  
     31    5024   1765   5053   1785    29   20  
     32    3086    151   3100    192    14   41  
     33    5418    259   5447    279    29   20  
     34      58    315     81    340    23   25  
     35     579   2733    601   2759    22   26  
     36    5086    896   5108    922    22   26  
     37    4525   1802   4547   1828    22   26  
     38    3815    468   3836    495    21   27  
     39    5271   1944   5298   1965    27   21  
     40    1163   2898   1191   2918    28   20  
     41    5244   1975   5275   1993    31   18  
     42    4557   1440   4582   1462    25   22  
     43    3993   2392   4014   2418    21   26  
     44    2785    966   2806    992    21   26  
     45    4722   2364   4754   2381    32   17  
     46    1337   2278   1358   2304    21   26  
     47    4745    450   4760    486    15   36  
     48    4765   1933   4785   1960    20   27  
     49    4864   2219   4883   2247    19   28  
     50    4729   1656   4748   1684    19   28  
     51    1997    317   2025    336    28   19  
     52    4795    873   4830    888    35   15  
     53    3739   1617   3762   1640    23   23  
     54    5163    925   5186    948    23   23  
     55    4218   2174   4240   2198    22   24  
     56    5123    487   5148    508    25   21  
     57    5270    914   5289    941    19   27  
     58    5265    269   5284    296    19   27  
     59    4036   1683   4063   1702    27   19  
     60     917   2558    939   2581    22   23  
     61    4642   1780   4664   1803    22   23  
     62    4743   1355   4771   1373    28   18  
     63    4876   2167   4901   2187    25   20  
     64    5050    991   5075   1011    25   20  
     65    4830   1280   4855   1300    25   20  
     66    5359    269   5384    289    25   20  
     67    5051   1651   5077   1670    26   19  
     68    5005   1558   5034   1575    29   17  
     69    5075   2037   5098   2058    23   21  
     70    4548   1792   4571   1813    23   21  
     71    4183   2161   4199   2191    16   30  
     72    3000   3117   3016   3147    16   30  
     73    2459    838   2479    862    20   24  
     74    3819    308   3843    328    24   20  
     75    4928   2162   4956   2179    28   17  
     76    4790   1015   4818   1032    28   17  
     77    4735   2493   4754   2518    19   25  
     78    5324    805   5350    823    26   18  
     79    3903   1708   3934   1723    31   15  
     80    3859   1712   3888   1728    29   16  
     81     629     35    651     56    22   21  
     82    4750   2422   4770   2445    20   23  
     83    4975    545   5002    562    27   17  
     84    5076   1640   5103   1657    27   17  
     85    5262   1901   5279   1928    17   27  
     86    4662   2387   4685   2407    23   20  
     87    3797   2495   3816   2519    19   24  
     88    2474    863   2498    882    24   19  
     89    5211   1273   5230   1297    19   24  
     90    4705    813   4733    829    28   16  
     91     535   2813    552   2839    17   26  
     92    4056   2359   4082   2376    26   17  
     93     721   3066    742   3087    21   21  
     94    4307   2362   4329   2382    22   20  
     95    3495   2141   3518   2160    23   19  
     96    4303    156   4332    171    29   15  
     97    2445    819   2468    838    23   19  
     98    1300    297   1319    320    19   23  
     99    1291    266   1310    289    19   23  
    100    4708   2268   4735   2284    27   16  
    101    4810   2417   4837   2433    27   16  
    102    5183    537   5207    555    24   18  
    103    5228   2000   5252   2018    24   18  
    104    5066   2209   5091   2226    25   17  
    105     888   2996    903   3024    15   28  
    106    2759   2000   2778   2022    19   22  
    107     912   2860    935   2878    23   18  
    108    5195    417   5229    429    34   12  
    109    4742   1245   4771   1259    29   14  
    110    3892    309   3919    324    27   15  
    111    2764   1019   2780   1044    16   25  
    112    5131    856   5156    872    25   16  
    113    1258    244   1278    264    20   20  
    114    1014   3005   1033   3026    19   21  
    115    3121   2976   3140   2997    19   21  
    116    1881    262   1902    281    21   19  
    117    1451    256   1469    278    18   22  
    118    5088    976   5110    994    22   18  
    119    3016   3019   3034   3041    18   22  
    120    3161   2868   3179   2890    18   22  
    121      41    474     59    496    18   22  
    122    4887    445   4905    467    18   22  
    123    5243    424   5271    438    28   14  
    124    4727   2473   4755   2487    28   14  
    125    5082    948   5110    962    28   14  
    126     563   2957    580   2980    17   23  
    127    4901    964   4927    979    26   15  
    128    5001   1598   5018   1621    17   23  
    129    4930    730   4942    762    12   32  
    130    5140    460   5172    472    32   12  
    131    3168   2840   3188   2859    20   19  
    132     810   2853    829   2873    19   20  
    133    1048    692   1062    719    14   27  
    134    4890    762   4911    780    21   18  
    135    4885    785   4910    800    25   15  
    136    5008    909   5023    934    15   25  
    137    4897    988   4922   1003    25   15  
    138    3867    443   3898    455    31   12  
    139    1002   3040   1019   3062    17   22  
    140    1915    250   1938    266    23   16  
    141    4384   1862   4400   1885    16   23  
    142    3944   2416   3972   2429    28   13  
    143     739   2636    767   2649    28   13  
    144    3429   2516   3453   2531    24   15  
    145    4049   2393   4068   2412    19   19  
    146    3046   2997   3065   3016    19   19  
    147    1101   2922   1125   2937    24   15  
    148     147   2981    167   2999    20   18  
    149    3020   3064   3041   3081    21   17  
    150    2955   3049   2972   3070    17   21  
    151    5206    473   5227    490    21   17  
    152     784   2856    806   2872    22   16  
    153    2757   3119   2782   3133    25   14  
    154    4393   1897   4407   1922    14   25  
    155    4435   1850   4449   1875    14   25  
    156    1054   2910   1069   2933    15   23  
    157    4800   1716   4815   1739    15   23  
    158    4476   1901   4495   1919    19   18  
    159    3175   3022   3194   3040    19   18  
    160    5234    504   5251    524    17   20  
    161     267   3023    284   3043    17   20  
    162    2791   3128   2817   3141    26   13  
    163    3209   2787   3226   2807    17   20  
    164     667   2906    691   2920    24   14  
    165    4278   2202   4292   2226    14   24  
    166    3174   2639   3195   2655    21   16  
    167    2706   3131   2727   3147    21   16  
    168    1087   2878   1103   2899    16   21  
    169     528   3040    550   3055    22   15  
    170    2714   3093   2736   3108    22   15  
    171    4520   1890   4535   1912    15   22  
    172    4610   1720   4632   1735    22   15  
    173    2682   2218   2697   2240    15   22  
    174    1056    524   1069    549    13   25  
    175     293   2960    318   2973    25   13  
    176     503   2930    516   2955    13   25  
    177     188   2971    206   2989    18   18  
    178    4028   2306   4042   2329    14   23  
    179     433   3068    452   3085    19   17  
    180    2731   3114   2754   3128    23   14  
    181     607   2945    630   2959    23   14  
    182     249   3049    268   3066    19   17  
    183    3074    242   3091    261    17   19  
    184     796   2888    810   2911    14   23  
    185     767   2907    790   2921    23   14  
    186     387   2963    407   2979    20   16  
    187    4363   1901   4383   1917    20   16  
    188    4435   2016   4451   2036    16   20  
    189     574   2844    589   2865    15   21  
    190    3102   3045   3126   3058    24   13  
    191     473   2973    497   2986    24   13  
    192    2511   3111   2535   3124    24   13  
    193    3141   3049   3163   3063    22   14  
    194     336   2989    350   3011    14   22  
    195    3057   3047   3076   3063    19   16  
    196    1132   2874   1148   2893    16   19  
    197    1219    157   1231    182    12   25  
    198    3297   1440   3309   1465    12   25  
    199    4921    729   4933    754    12   25  
    200    4469   2059   4482   2082    13   23  
    201    2737   3078   2760   3091    23   13  
    202     638   2862    661   2875    23   13  
    203    4775   1685   4790   1705    15   20  
    204    2690   3087   2710   3102    20   15  
    205    2974   3038   2997   3051    23   13  
    206    3825   2480   3836   2506    11   26  
    207    2684   3120   2710   3131    26   11  
    208    2824   3103   2846   3116    22   13  
    209      35   3009     57   3022    22   13  
    210     461   3018    476   3037    15   19  
    211    2905   3066   2924   3081    19   15  
    212      57   3090     76   3105    19   15  
    213    2520   3133   2548   3143    28   10  
    214    3211      2   3231     16    20   14  
    215    2758   3088   2778   3102    20   14  
    216    2797   3107   2822   3118    25   11  
    217    2639   3097   2662   3109    23   12  
    218     554   3006    567   3027    13   21  
    219    3126   2816   3147   2829    21   13  
    220    2981   3062   2998   3078    17   16  
    221    3234   2624   3249   2642    15   18  
    222    3172   2680   3190   2695    18   15  
    223    2491   3095   2510   3109    19   14  
    224    2789   3087   2808   3101    19   14  
    225    5315    825   5339    836    24   11  
    226    2767   3045   2786   3059    19   14  
    227    3075   3071   3097   3083    22   12  
    228     474   3009    497   3020    23   11  
    229     528   2980    543   2997    15   17  
    230    2843   3118   2864   3130    21   12  
    231    2927   3082   2948   3094    21   12  
    232     411   2952    423   2973    12   21  
    233     732   2918    746   2936    14   18  
    234     357   2959    371   2977    14   18  
    235    1033   2904   1052   2917    19   13  
    236     322   3023    341   3036    19   13  
    237    4028   2528   4047   2541    19   13  
    238    3087   3024   3109   3035    22   11  
    239    3090   3056   3110   3068    20   12  
    240     462   2922    478   2937    16   15  
    241    3003   3060   3019   3075    16   15  
    242    4506   2243   4523   2257    17   14  
    243    2768   3073   2789   3084    21   11  
    244     967   2894    978   2915    11   21  
    245     377   2987    388   3008    11   21  
    246    2837   3051   2858   3062    21   11  
    247    2544   3102   2567   3112    23   10  
    248    2846   3099   2865   3111    19   12  
    249    1112   2894   1126   2910    14   16  
    250    2876   3087   2892   3101    16   14  
    251    2904   3096   2924   3107    20   11  
    252    4084   2476   4104   2487    20   11  
    253    2779   3097   2797   3109    18   12  
    254    1032   2924   1043   2943    11   19  
    255    2859   3085   2872   3101    13   16  
    256    2842   3082   2858   3095    16   13  
    257    3118   3077   3135   3089    17   12  
    258     382   3012    404   3021    22    9  
    259     257   2992    275   3003    18   11  
    260     510   3017    518   3041     8   24  
    261    2886   3075   2902   3087    16   12  
    262     411   3044    432   3053    21    9  
    263     227   3019    246   3029    19   10  
    264    2803   3066   2822   3076    19   10  
    265      76   2984     97   2993    21    9  
    266    2908   3037   2928   3046    20    9  
    267       9   3063     23   3076    14   13  
    268     491   3040    508   3050    17   10  
    269    2663   3119   2680   3129    17   10  
    270    2933   3065   2950   3075    17   10  
    271    2672   2210   2680   2231     8   21  
    272    2865   3111   2879   3122    14   11  
