# Bird_G / Cloud_Land_60m_train
# image   : /home/zygfd/waterflow/rebuild/dataset_full/Bird_G/Cloud_Land_60m_train.JPG  (5472x3078)
# labels  : /home/zygfd/waterflow/rebuild/dataset_full/Bird_G/Cloud_Land_60m_train.txt
# boxes   : 298   species labels: none
#
#   idx      x1     y1     x2     y2     w    h  species
      0    2722   2874   2764   2901    42   27  
      1    2458   2570   2485   2611    27   41  
      2    1363   3016   1400   3045    37   29  
      3    4641   2869   4674   2901    33   32  
      4    4091   2388   4126   2418    35   30  
      5    4234   2451   4277   2475    43   24  
      6    2395   2384   2429   2413    34   29  
      7    5374   2354   5402   2389    28   35  
      8    4387   3013   4424   3039    37   26  
      9    2519   2458   2550   2489    31   31  
     10    1041   2950   1073   2980    32   30  
     11     465   2764    498   2793    33   29  
     12    4549   2982   4587   3006    38   24  
     13    4387   2362   4417   2392    30   30  
     14     145   2515    175   2545    30   30  
     15    2082   2566   2110   2598    28   32  
     16    4850   2625   4877   2658    27   33  
     17    3985   2366   4012   2399    27   33  
     18    4047   2327   4080   2354    33   27  
     19    1037   2904   1071   2930    34   26  
     20    4846   2342   4871   2377    25   35  
     21    2762   2424   2793   2452    31   28  
     22    2392   2424   2417   2458    25   34  
     23    3410   2480   3440   2508    30   28  
     24    2262   2712   2292   2740    30   28  
     25    5214   2565   5252   2587    38   22  
     26    5001   2377   5027   2409    26   32  
     27    1726   2755   1752   2787    26   32  
     28    3820   2378   3856   2401    36   23  
     29    4730   2467   4769   2488    39   21  
     30    2152   2735   2180   2764    28   29  
     31     278   2427    306   2456    28   29  
     32    1695   2674   1723   2703    28   29  
     33    4916   2502   4946   2529    30   27  
     34    4810   2745   4845   2768    35   23  
     35    3660   2711   3696   2733    36   22  
     36      86   2501    115   2528    29   27  
     37     260   3029    289   3056    29   27  
     38    5198   2394   5221   2428    23   34  
     39    2277   2494   2316   2514    39   20  
     40    5348   2386   5374   2416    26   30  
     41    5266   2344   5292   2374    26   30  
     42    1949   2512   1986   2533    37   21  
     43     606   2395    638   2419    32   24  
     44    3763   2512   3782   2552    19   40  
     45    3837   2925   3870   2948    33   23  
     46    3882   2377   3903   2413    21   36  
     47    4633   2902   4669   2923    36   21  
     48    1688   2766   1716   2793    28   27  
     49    4134   2366   4161   2394    27   28  
     50    4487   2718   4516   2744    29   26  
     51    3940   2404   3962   2438    22   34  
     52    4957   2350   4981   2381    24   31  
     53    2429   2738   2460   2762    31   24  
     54    4668   2624   4705   2644    37   20  
     55     184   2464    225   2482    41   18  
     56    2294   2622   2326   2645    32   23  
     57     413   2482    445   2505    32   23  
     58    2170   2709   2197   2736    27   27  
     59    2702   2516   2724   2549    22   33  
     60    3080   2413   3102   2446    22   33  
     61    3358   2476   3380   2509    22   33  
     62    2158   2421   2187   2446    29   25  
     63    2248   2785   2273   2814    25   29  
     64    1349   2944   1374   2973    25   29  
     65    2224   2450   2244   2486    20   36  
     66    2146   2557   2166   2593    20   36  
     67    4720   2647   4750   2671    30   24  
     68    1797   2681   1821   2711    24   30  
     69    2501   2656   2535   2677    34   21  
     70     311   2611    333   2643    22   32  
     71    4043   2361   4075   2383    32   22  
     72    2170   2604   2205   2624    35   20  
     73    4337   2362   4364   2388    27   26  
     74    2762   2941   2797   2961    35   20  
     75    2644   2387   2671   2413    27   26  
     76    1378   2969   1404   2996    26   27  
     77    3520   2359   3548   2384    28   25  
     78    4631   2332   4656   2360    25   28  
     79    3905   2435   3929   2464    24   29  
     80    3588   2618   3609   2651    21   33  
     81    1292   3031   1315   3061    23   30  
     82    2598   2449   2628   2472    30   23  
     83    5119   2998   5155   3017    36   19  
     84    4198   2379   4217   2415    19   36  
     85    1878   2910   1905   2935    27   25  
     86    3132   2380   3160   2404    28   24  
     87    4472   2357   4496   2385    24   28  
     88    4672   2750   4701   2773    29   23  
     89    4736   2737   4769   2757    33   20  
     90    5214   2434   5234   2467    20   33  
     91    2460   2383   2493   2403    33   20  
     92    4576   2926   4606   2948    30   22  
     93    2007   2436   2037   2458    30   22  
     94    4320   2510   4342   2540    22   30  
     95    2342   2741   2363   2772    21   31  
     96    4496   2550   4522   2575    26   25  
     97    2405   2794   2422   2832    17   38  
     98    3490   2539   3509   2573    19   34  
     99    3088   2328   3115   2352    27   24  
    100    1616   2934   1639   2962    23   28  
    101    5159   2883   5187   2906    28   23  
    102    1326   2994   1349   3022    23   28  
    103    4329   3044   4361   3064    32   20  
    104    1683   2813   1715   2833    32   20  
    105    1472   2921   1501   2943    29   22  
    106     154   2457    172   2492    18   35  
    107    4774   2529   4811   2546    37   17  
    108    3260   2836   3281   2866    21   30  
    109    5340   2352   5361   2382    21   30  
    110     217   2725    247   2746    30   21  
    111    3834   2897   3864   2918    30   21  
    112    2310   2892   2340   2913    30   21  
    113    1813   2959   1834   2989    21   30  
    114    2531   2390   2564   2409    33   19  
    115    1721   2902   1754   2921    33   19  
    116    4608   2362   4633   2387    25   25  
    117    4277   2349   4302   2374    25   25  
    118    1348   2910   1373   2935    25   25  
    119    2614   3048   2640   3072    26   24  
    120    1031   2818   1057   2842    26   24  
    121    1522   2866   1544   2894    22   28  
    122    4692   2340   4714   2368    22   28  
    123    2330   2391   2347   2427    17   36  
    124    1510   2969   1546   2986    36   17  
    125    2055   2434   2089   2452    34   18  
    126    4800   2696   4829   2717    29   21  
    127    1577   2801   1597   2831    20   30  
    128    2734   2758   2764   2778    30   20  
    129    2129   2804   2149   2834    20   30  
    130    5140   2897   5160   2927    20   30  
    131    1321   3028   1345   3053    24   25  
    132    4449   2368   4474   2392    25   24  
    133    4974   2246   4999   2270    25   24  
    134    1685   3009   1710   3033    25   24  
    135     432   2405    455   2431    23   26  
    136    3481   2488   3514   2506    33   18  
    137    3039   2369   3061   2396    22   27  
    138    3644   2330   3666   2357    22   27  
    139    3771   2401   3786   2440    15   39  
    140    4304   2336   4335   2355    31   19  
    141    2584   2594   2603   2625    19   31  
    142    3568   2346   3589   2374    21   28  
    143    4709   2410   4737   2431    28   21  
    144    3014   2409   3035   2437    21   28  
    145      22   2414     56   2431    34   17  
    146    3712   2357   3746   2374    34   17  
    147    2468   2781   2504   2797    36   16  
    148    2443   2439   2461   2471    18   32  
    149     597   2431    620   2456    23   25  
    150    1267   2970   1289   2996    22   26  
    151    5225   2978   5244   3008    19   30  
    152    2168   2826   2189   2853    21   27  
    153    4758   2340   4793   2356    35   16  
    154    5447   2325   5467   2353    20   28  
    155    2275   2424   2303   2444    28   20  
    156    1846   2560   1875   2579    29   19  
    157    4157   2281   4181   2304    24   23  
    158    5152   2359   5181   2378    29   19  
    159    3178   2337   3202   2360    24   23  
    160    3468   2612   3487   2641    19   29  
    161    4736   2311   4760   2334    24   23  
    162    2639   2958   2668   2977    29   19  
    163    3919   2880   3948   2899    29   19  
    164     553   2452    575   2477    22   25  
    165    2788   2401   2822   2417    34   16  
    166    3392   2350   3413   2376    21   26  
    167    3417   2364   3443   2385    26   21  
    168    1948   2446   1965   2478    17   32  
    169    2569   2380   2595   2401    26   21  
    170    4805   2353   4835   2371    30   18  
    171    1890   2457   1908   2487    18   30  
    172    2004   2514   2034   2532    30   18  
    173    2230   2570   2258   2589    28   19  
    174    3812   2505   3831   2533    19   28  
    175    1409   3026   1437   3045    28   19  
    176    3558   2302   3581   2325    23   23  
    177    5047   2346   5062   2381    15   35  
    178    1985   2409   2008   2432    23   23  
    179    2766   2364   2790   2386    24   22  
    180    1886   3038   1908   3062    22   24  
    181    3203   2368   3225   2392    22   24  
    182    1223   2914   1245   2938    22   24  
    183    1573   2886   1597   2908    24   22  
    184    4775   2973   4797   2997    22   24  
    185     512   2777    534   2801    22   24  
    186     326   2401    348   2425    22   24  
    187    3289   2373   3314   2394    25   21  
    188    1164   2885   1185   2910    21   25  
    189    1419   2908   1444   2929    25   21  
    190    3447   2464   3468   2489    21   25  
    191    2221   2742   2250   2760    29   18  
    192    1011   2893   1029   2922    18   29  
    193     349   2406    369   2432    20   26  
    194     152   2672    178   2692    26   20  
    195    1806   2588   1838   2604    32   16  
    196    2816   2977   2848   2993    32   16  
    197    1834   3038   1866   3054    32   16  
    198    5212   2612   5239   2631    27   19  
    199    2729   2737   2756   2756    27   19  
    200    3751   2864   3778   2883    27   19  
    201    1879   2512   1896   2542    17   30  
    202    1652   2888   1675   2910    23   22  
    203    1811   2500   1834   2522    23   22  
    204    1825   2915   1847   2938    22   23  
    205    1908   2496   1930   2519    22   23  
    206    4349   2340   4377   2358    28   18  
    207      41   3014     69   3032    28   18  
    208    4058   2297   4079   2321    21   24  
    209    2061   2404   2082   2428    21   24  
    210    1654   2783   1678   2804    24   21  
    211    1745   2999   1770   3019    25   20  
    212    4404   2288   4424   2313    20   25  
    213    2602   2425   2628   2444    26   19  
    214    2222   2876   2241   2902    19   26  
    215    4581   2288   4600   2314    19   26  
    216    1100   2974   1129   2991    29   17  
    217    3737   2306   3756   2332    19   26  
    218    4225   2364   4238   2401    13   37  
    219    1675   2736   1702   2754    27   18  
    220    1454   2992   1472   3019    18   27  
    221    1630   2800   1648   2827    18   27  
    222     568   2397    591   2418    23   21  
    223    1143   3017   1164   3040    21   23  
    224    3334   2324   3349   2356    15   32  
    225    1768   2716   1784   2746    16   30  
    226    3374   2392   3390   2422    16   30  
    227    2245   2428   2273   2445    28   17  
    228      84   2387    112   2404    28   17  
    229    2721   2381   2746   2400    25   19  
    230    4956   2312   4975   2337    19   25  
    231    2666   3026   2705   3038    39   12  
    232    1874   2470   1887   2506    13   36  
    233    1374   2881   1405   2896    31   15  
    234    1645   2869   1674   2885    29   16  
    235    1812   2553   1828   2582    16   29  
    236    1147   2998   1180   3012    33   14  
    237    1932   2431   1948   2460    16   29  
    238    4887   2354   4909   2375    22   21  
    239    1545   2948   1572   2965    27   17  
    240    1427   2863   1451   2882    24   19  
    241    4007   3062   4037   3077    30   15  
    242    3555   2637   3573   2662    18   25  
    243    3428   2333   3446   2358    18   25  
    244    3621   2373   3637   2401    16   28  
    245    2598   2405   2626   2421    28   16  
    246    1745   2554   1773   2570    28   16  
    247    1872   2974   1906   2987    34   13  
    248    1849   2462   1869   2484    20   22  
    249    1451   2968   1474   2987    23   19  
    250    1955   2570   1984   2585    29   15  
    251    3488   2343   3502   2374    14   31  
    252     124   2473    140   2500    16   27  
    253    1243   2950   1268   2967    25   17  
    254    1608   2781   1625   2806    17   25  
    255    1244   2902   1274   2916    30   14  
    256    2095   2389   2109   2419    14   30  
    257    3261   2364   3289   2379    28   15  
    258    4592   2257   4618   2273    26   16  
    259    2359   2380   2382   2398    23   18  
    260    2992   2350   3016   2367    24   17  
    261    2496   2695   2523   2710    27   15  
    262    4242   2422   4267   2438    25   16  
    263    3921   2369   3954   2381    33   12  
    264    1688   2862   1709   2881    21   19  
    265    3683   2323   3702   2344    19   21  
    266    2271   2396   2301   2409    30   13  
    267    2304   2389   2321   2412    17   23  
    268    2352   3059   2375   3076    23   17  
    269    4170   2358   4190   2377    20   19  
    270    3362   2520   3383   2538    21   18  
    271    4532   2331   4547   2356    15   25  
    272    1598   2889   1613   2914    15   25  
    273    2806   2347   2823   2369    17   22  
    274      42   2395     64   2412    22   17  
    275    1838   2953   1866   2966    28   13  
    276    1200   2945   1220   2963    20   18  
    277    1232   2997   1253   3014    21   17  
    278    4253   2317   4270   2338    17   21  
    279    3463   2397   3490   2410    27   13  
    280    3368   2320   3384   2342    16   22  
    281    1258   2927   1281   2942    23   15  
    282    4746   2358   4765   2376    19   18  
    283     217   2596    229   2624    12   28  
    284    1906   2433   1920   2457    14   24  
    285    1117   2884   1138   2900    21   16  
    286    3404   2319   3421   2338    17   19  
    287    2676   2376   2695   2392    19   16  
    288    3649   2286   3664   2306    15   20  
    289    2368   2823   2395   2834    27   11  
    290    3928   2307   3944   2325    16   18  
    291    3714   2321   3727   2343    13   22  
    292    2917   2325   2932   2344    15   19  
    293    4568   2307   4580   2330    12   23  
    294    1168   2982   1192   2993    24   11  
    295    2349   2830   2368   2844    19   14  
    296    1954   2428   1979   2437    25    9  
    297    3583   2457   3598   2472    15   15  
