# Bird_E / mar2019_clipped_MODOC1214_0015GSD_LINE03B1108
# image   : /home/zygfd/waterflow/rebuild/dataset_full/Bird_E/mar2019_clipped_MODOC1214_0015GSD_LINE03B1108.png  (512x512)
# labels  : /home/zygfd/waterflow/rebuild/dataset_full/Bird_E/mar2019_clipped_MODOC1214_0015GSD_LINE03B1108.txt
# boxes   : 186   species labels: none
#
#   idx      x1     y1     x2     y2     w    h  species
      0     341    309    361    333    20   24  
      1     317    414    340    434    23   20  
      2     176    394    199    414    23   20  
      3     342     45    362     67    20   22  
      4     470    488    492    508    22   20  
      5     203     35    226     54    23   19  
      6      56    494     81    511    25   17  
      7      40    443     70    457    30   14  
      8     300    328    328    343    28   15  
      9     211    388    226    416    15   28  
     10       0    489     21    509    21   20  
     11     102    430    122    451    20   21  
     12     345     93    365    114    20   21  
     13     351    148    368    172    17   24  
     14     105    361    121    386    16   25  
     15     391     93    407    118    16   25  
     16     328    262    353    278    25   16  
     17     418    111    434    136    16   25  
     18     195    444    211    469    16   25  
     19     395    369    415    389    20   20  
     20     200    493    220    513    20   20  
     21     442    216    463    235    21   19  
     22     254    360    275    379    21   19  
     23      83    328    101    350    18   22  
     24     155     93    177    111    22   18  
     25     152    131    178    146    26   15  
     26     282     74    306     90    24   16  
     27     368    139    384    163    16   24  
     28     371    418    390    438    19   20  
     29     433    200    452    220    19   20  
     30     362    286    381    306    19   20  
     31     190      5    209     25    19   20  
     32     446    425    464    446    18   21  
     33     218    330    243    345    25   15  
     34      49    137     66    159    17   22  
     35     343    443    365    460    22   17  
     36      47     60     69     77    22   17  
     37     308    184    325    206    17   22  
     38     156    318    173    340    17   22  
     39     128    405    144    428    16   23  
     40     358    486    374    509    16   23  
     41      19    379     35    402    16   23  
     42     121     37    140     56    19   19  
     43      72    421     96    436    24   15  
     44     112    243    127    267    15   24  
     45     341    278    356    302    15   24  
     46     269    293    289    311    20   18  
     47     370    379    392    395    22   16  
     48      89    151    105    173    16   22  
     49     212    240    226    265    14   25  
     50     188    253    211    268    23   15  
     51     128    244    143    267    15   23  
     52     473      6    496     21    23   15  
     53     413     70    432     88    19   18  
     54     408    148    427    166    19   18  
     55      49    110     68    128    19   18  
     56     216    414    234    433    18   19  
     57     425      5    445     22    20   17  
     58     483    101    496    127    13   26  
     59     407    300    424    320    17   20  
     60      53    428     73    445    20   17  
     61     168    277    196    289    28   12  
     62     326    184    340    208    14   24  
     63     143    284    167    298    24   14  
     64      24     19     38     43    14   24  
     65     495     57    511     78    16   21  
     66     246    229    262    250    16   21  
     67     470     51    492     66    22   15  
     68     139    350    161    365    22   15  
     69     108    193    123    215    15   22  
     70      21    479     46    492    25   13  
     71     232    277    245    302    13   25  
     72     142     29    156     52    14   23  
     73     212     63    226     86    14   23  
     74     318     96    341    110    23   14  
     75     390    223    406    243    16   20  
     76       3    202     19    222    16   20  
     77     449    151    465    171    16   20  
     78     216    354    236    370    20   16  
     79     109    137    129    153    20   16  
     80     376    253    391    274    15   21  
     81     177     74    199     88    22   14  
     82     401    265    415    287    14   22  
     83     109    161    123    183    14   22  
     84     477     42    499     56    22   14  
     85     492    213    510    230    18   17  
     86       1    403     19    420    18   17  
     87     100    314    116    333    16   19  
     88     385    305    401    324    16   19  
     89     359    224    378    240    19   16  
     90     106    228    125    244    19   16  
     91     445     66    464     82    19   16  
     92     157    117    180    130    23   13  
     93     243    192    266    205    23   13  
     94     498    101    511    124    13   23  
     95     237     84    257     99    20   15  
     96     348    179    371    192    23   13  
     97      97    464    120    477    23   13  
     98      26    114     41    134    15   20  
     99     311    228    334    241    23   13  
    100     218    462    239    476    21   14  
    101     347    421    361    442    14   21  
    102     108     98    122    119    14   21  
    103     385     37    406     51    21   14  
    104      24    456     48    468    24   12  
    105     347    399    364    416    17   17  
    106     482    200    498    218    16   18  
    107     446     43    462     61    16   18  
    108     289     85    305    103    16   18  
    109     121    176    139    192    18   16  
    110     301    316    323    329    22   13  
    111     486    354    499    376    13   22  
    112     111    485    124    507    13   22  
    113     410    393    429    408    19   15  
    114     222    304    236    324    14   20  
    115     164    263    184    277    20   14  
    116      71     50     91     64    20   14  
    117      75    406    100    417    25   11  
    118      59    326     80    339    21   13  
    119     202    333    218    350    16   17  
    120     379    189    395    206    16   17  
    121     239    447    256    463    17   16  
    122      62    160     79    176    17   16  
    123     361     40    378     56    17   16  
    124       0      8     15     26    15   18  
    125     292    304    307    322    15   18  
    126      10    256     25    274    15   18  
    127      23    258     37    277    14   19  
    128     201    285    213    307    12   22  
    129     210      1    222     23    12   22  
    130     348    463    361    483    13   20  
    131     496    242    512    258    16   16  
    132      66    348     81    365    15   17  
    133     436    102    451    119    15   17  
    134     102      7    117     24    15   17  
    135     281     29    294     48    13   19  
    136      16    222     29    241    13   19  
    137     283    216    296    235    13   19  
    138     299    256    321    267    22   11  
    139      33    192     55    203    22   11  
    140      95     50    107     70    12   20  
    141     271    236    283    256    12   20  
    142      32    496     49    510    17   14  
    143     231    109    248    123    17   14  
    144     452     86    466    103    14   17  
    145     207    114    220    132    13   18  
    146     499    129    510    150    11   21  
    147     153    305    174    316    21   11  
    148     111    409    127    423    16   14  
    149     379    279    395    293    16   14  
    150     105     72    118     89    13   17  
    151      75    280     92    293    17   13  
    152     277     60    288     80    11   20  
    153     375    400    389    415    14   15  
    154     404    138    419    152    15   14  
    155     384    438    397    454    13   16  
    156     417     16    429     33    12   17  
    157     395    197    407    214    12   17  
    158     500    187    511    205    11   18  
    159     265    104    275    123    10   19  
    160     298    206    308    225    10   19  
    161     272    262    283    279    11   17  
    162       0     84     14     97    14   13  
    163       0    462     13    476    13   14  
    164     490    503    505    515    15   12  
    165      43    159     59    170    16   11  
    166     177    501    193    512    16   11  
    167     397    399    413    410    16   11  
    168     257    504    273    514    16   10  
    169     302      1    321      9    19    8  
    170     484     26    496     38    12   12  
    171     504     35    511     55     7   20  
    172     292    112    305    123    13   11  
    173     275      1    295      8    20    7  
    174     295    100    307    111    12   11  
    175     255    493    268    503    13   10  
    176       0    372      8    387     8   15  
    177     455      2    470     10    15    8  
    178     245    501    255    512    10   11  
    179     502    163    511    175     9   12  
    180       1     32      7     46     6   14  
    181      73    338     83    346    10    8  
    182       0    229      6    240     6   11  
    183      34    158     42    166     8    8  
    184       1    269      6    280     5   11  
    185       0    202      4    213     4   11  
