# Bird_F / DJI_0088
# image   : /home/zygfd/waterflow/rebuild/dataset_full/Bird_F/DJI_0088.png  (5472x3648)
# labels  : /home/zygfd/waterflow/rebuild/dataset_full/Bird_F/DJI_0088.txt
# boxes   : 37   species labels: none
#
#   idx      x1     y1     x2     y2     w    h  species
      0    1687   2761   1723   2789    36   28  
      1    4514    872   4545    899    31   27  
      2    2459   1937   2479   1977    20   40  
      3    2586   2054   2604   2095    18   41  
      4     651   2344    688   2364    37   20  
      5    1697   2822   1736   2840    39   18  
      6    2323   1971   2340   2012    17   41  
      7    3908   1385   3931   1415    23   30  
      8    2334   2030   2352   2068    18   38  
      9     668   2198    702   2218    34   20  
     10    2417   2037   2433   2077    16   40  
     11    4549    969   4572    997    23   28  
     12    2377   1930   2391   1974    14   44  
     13    4573    934   4600    957    27   23  
     14    3322   1341   3344   1369    22   28  
     15    4160   1343   4193   1361    33   18  
     16    2556   1937   2571   1976    15   39  
     17       8   1120     47   1135    39   15  
     18     368    521    395    542    27   21  
     19    4200    609   4223    632    23   23  
     20    4495   1017   4517   1041    22   24  
     21    4176     24   4204     42    28   18  
     22    4425    232   4454    248    29   16  
     23    5034    320   5051    347    17   27  
     24    4985    342   5004    366    19   24  
     25     529     35    555     52    26   17  
     26    4857    400   4871    431    14   31  
     27    4227    274   4245    296    18   22  
     28     657     41    680     58    23   17  
     29    3296   1320   3312   1343    16   23  
     30     401    521    424    537    23   16  
     31     507     80    529     95    22   15  
     32    4303    516   4315    542    12   26  
     33     689     45    702     65    13   20  
     34     568    131    591    142    23   11  
     35    4161      0   4177     15    16   15  
     36     446    110    458    129    12   19  
