# Bird_A / 140_5
# image   : /home/zygfd/waterflow/rebuild/dataset_full/Bird_A/140_5.jpg  (5120x3584)
# labels  : /home/zygfd/waterflow/rebuild/dataset_full/Bird_A/140_5.txt
# boxes   : 49   species labels: none
#
#   idx      x1     y1     x2     y2     w    h  species
      0    3148   1516   3171   1535    23   19  
      1    3047   1526   3075   1540    28   14  
      2    3199   1415   3219   1434    20   19  
      3    3098   1547   3111   1575    13   28  
      4    3217   1434   3242   1447    25   13  
      5    3101   1470   3123   1484    22   14  
      6    2923   1840   2938   1849    15    9  
      7    3134   2165   3145   2176    11   11  
      8    3103   2147   3112   2158     9   11  
      9    3096   2183   3107   2192    11    9  
     10    3116   2140   3124   2152     8   12  
     11    3085   2163   3095   2172    10    9  
     12    3120   2179   3132   2186    12    7  
     13    2732   1849   2748   1854    16    5  
     14    3090   2178   3100   2186    10    8  
     15    3105   2163   3112   2174     7   11  
     16    2771   2116   2777   2128     6   12  
     17    3098   2164   3105   2174     7   10  
     18    2787   1431   2793   1442     6   11  
     19    2774   1431   2780   1442     6   11  
     20    3105   2180   3116   2186    11    6  
     21    3089   2173   3100   2179    11    6  
     22    2774   1452   2782   1460     8    8  
     23    3119   2172   3128   2179     9    7  
     24    2749   1437   2758   1444     9    7  
     25    2790   1448   2795   1460     5   12  
     26    2768   1449   2773   1461     5   12  
     27    3096   2155   3106   2161    10    6  
     28    3110   2162   3117   2170     7    8  
     29    3112   2176   3120   2183     8    7  
     30    2754   1457   2763   1463     9    6  
     31    2765   1440   2770   1450     5   10  
     32    2779   1432   2784   1442     5   10  
     33    2782   1449   2787   1459     5   10  
     34    2757   1430   2762   1440     5   10  
     35    2500   1723   2506   1731     6    8  
     36    2473   1707   2481   1713     8    6  
     37    2768   1433   2773   1442     5    9  
     38    2505   1709   2510   1717     5    8  
     39    2508   1722   2515   1727     7    5  
     40    2505   1701   2510   1707     5    6  
     41    2492   1706   2497   1712     5    6  
     42    2493   1714   2500   1718     7    4  
     43    2475   1737   2482   1741     7    4  
     44    2498   1702   2503   1707     5    5  
     45    2507   1717   2512   1722     5    5  
     46    2498   1709   2503   1714     5    5  
     47    2502   1715   2508   1719     6    4  
     48    2496   1720   2503   1723     7    3  
