# Bird_D / G255_25OCT2016_0107
# image   : /home/zygfd/waterflow/rebuild/dataset_full/Bird_D/G255_25OCT2016_0107.JPG  (5760x3840)
# labels  : /home/zygfd/waterflow/rebuild/dataset_full/Bird_D/G255_25OCT2016_0107.txt
# boxes   : 191   species labels: none
#
#   idx      x1     y1     x2     y2     w    h  species
      0    5695    132   5746    168    51   36  
      1    5326   1269   5372   1308    46   39  
      2    4578   3581   4619   3624    41   43  
      3    5457    433   5512    465    55   32  
      4    4760   3266   4799   3311    39   45  
      5    5154   1872   5193   1917    39   45  
      6    5031   1384   5081   1419    50   35  
      7    5089   1454   5142   1487    53   33  
      8    5110   3399   5149   3442    39   43  
      9    4948   1542   4993   1578    45   36  
     10    5254   2762   5289   2808    35   46  
     11    4914   2706   4961   2740    47   34  
     12    5296   3024   5338   3062    42   38  
     13    4944   3193   4997   3223    53   30  
     14    5252   1990   5289   2033    37   43  
     15    5255   3047   5300   3082    45   35  
     16    4713   3448   4752   3488    39   40  
     17    5241    860   5283    897    42   37  
     18    5047   2755   5084   2797    37   42  
     19    5045   3001   5087   3038    42   37  
     20    5337   1210   5384   1243    47   33  
     21    5154   3082   5197   3118    43   36  
     22    5561   2664   5604   2700    43   36  
     23    4949   1804   4993   1839    44   35  
     24    5398   2690   5430   2738    32   48  
     25    5164   2702   5201   2743    37   41  
     26    5286   2587   5328   2623    42   36  
     27    5414   1207   5466   1236    52   29  
     28    5188   3301   5220   3348    32   47  
     29    4998   2883   5048   2913    50   30  
     30    5280   1285   5324   1319    44   34  
     31    4501   3756   4532   3804    31   48  
     32    5316    978   5364   1009    48   31  
     33    4968   1268   5021   1296    53   28  
     34    4979   1892   5032   1920    53   28  
     35    5418   1698   5456   1737    38   39  
     36    5073   1051   5111   1090    38   39  
     37    5698     47   5738     84    40   37  
     38    5084   1554   5120   1595    36   41  
     39    4984   2578   5014   2627    30   49  
     40    5369   1119   5416   1150    47   31  
     41    4714   3759   4761   3790    47   31  
     42    5368    792   5426    817    58   25  
     43    5029   3121   5087   3146    58   25  
     44    5265    535   5298    579    33   44  
     45    5217   1046   5255   1084    38   38  
     46    4975   2929   5012   2968    37   39  
     47    5316   1952   5352   1992    36   40  
     48    5478    540   5506    591    28   51  
     49    5015   1648   5066   1676    51   28  
     50    4587   3508   4636   3537    49   29  
     51    5634    414   5688    440    54   26  
     52    5131   1781   5168   1819    37   38  
     53    5483   2691   5517   2732    34   41  
     54    5049   2468   5095   2498    46   30  
     55    4692   3523   4720   3572    28   49  
     56    4978   2507   5012   2547    34   40  
     57    4773   3658   4825   3684    52   26  
     58    4436   3794   4469   3835    33   41  
     59    5560    547   5590    592    30   45  
     60    5540    361   5588    389    48   28  
     61    5696    898   5738    930    42   32  
     62    5320   3074   5356   3111    36   37  
     63    4899   2960   4952   2985    53   25  
     64    5219   1244   5253   1283    34   39  
     65    5035   2400   5065   2444    30   44  
     66    5064   2862   5094   2906    30   44  
     67    4798   3376   4838   3409    40   33  
     68    5320    688   5352    729    32   41  
     69    5654    998   5680   1048    26   50  
     70    5282   1118   5308   1168    26   50  
     71    5595    279   5649    303    54   24  
     72    5165   2083   5200   2120    35   37  
     73    5571   1233   5617   1261    46   28  
     74    5590    505   5636    533    46   28  
     75    5185   3037   5231   3065    46   28  
     76    5380    631   5413    670    33   39  
     77    4864   3246   4896   3286    32   40  
     78    5161   1688   5190   1732    29   44  
     79    4838   3166   4887   3192    49   26  
     80    5372   1026   5419   1053    47   27  
     81    5110   1192   5138   1237    28   45  
     82    5611   1511   5649   1544    38   33  
     83    5043   3372   5083   3403    40   31  
     84    5170   1186   5200   1227    30   41  
     85    5131   2344   5167   2378    36   34  
     86    5130   2778   5167   2811    37   33  
     87    4655   3479   4683   3522    28   43  
     88    5643    176   5671    219    28   43  
     89    5556    311   5606    335    50   24  
     90    5603    885   5629    931    26   46  
     91    5098   1856   5133   1890    35   34  
     92    5112   3049   5156   3076    44   27  
     93    5516    490   5560    517    44   27  
     94    5288    675   5312    724    24   49  
     95    5183   2537   5234   2560    51   23  
     96    5353   1383   5392   1413    39   30  
     97    4703   3674   4746   3701    43   27  
     98    5072   2147   5112   2176    40   29  
     99    5341    872   5381    901    40   29  
    100    5514    411   5562    435    48   24  
    101    5280   1205   5328   1229    48   24  
    102    5064   1767   5087   1817    23   50  
    103    4914   2780   4960   2805    46   25  
    104    5308   1430   5333   1476    25   46  
    105    4901   1253   4927   1297    26   44  
    106    5399   1797   5438   1826    39   29  
    107    4937   2816   4986   2839    49   23  
    108    5443   1151   5467   1198    24   47  
    109    5293   1835   5344   1857    51   22  
    110    5526   1152   5566   1180    40   28  
    111    4386   3748   4412   3791    26   43  
    112    5243   3010   5280   3040    37   30  
    113    5296   1490   5344   1513    48   23  
    114    5136   2236   5160   2282    24   46  
    115    5102   2051   5146   2076    44   25  
    116    5388    847   5426    876    38   29  
    117    5102   1951   5128   1993    26   42  
    118    4781   3158   4828   3181    47   23  
    119    5594   1435   5621   1475    27   40  
    120    5098   2203   5123   2246    25   43  
    121    5251    788   5276    831    25   43  
    122    4576   3446   4606   3481    30   35  
    123    5357   2931   5386   2967    29   36  
    124    5289   2693   5312   2738    23   45  
    125    5189   2362   5225   2390    36   28  
    126    5020   2679   5041   2725    21   46  
    127    4732   3208   4774   3231    42   23  
    128    5580    413   5632    430    52   17  
    129    4515   3538   4545   3567    30   29  
    130    5439   1979   5459   2020    20   41  
    131    4772   3179   4799   3209    27   30  
    132    5246   3537   5277   3563    31   26  
    133    4868   1588   4894   1616    26   28  
    134    4457   3591   4480   3622    23   31  
    135    4466   3528   4495   3552    29   24  
    136    4723   3142   4744   3174    21   32  
    137    5699   1253   5723   1280    24   27  
    138    5685   1124   5708   1152    23   28  
    139    5698   1161   5727   1182    29   21  
    140    4445   3644   4475   3664    30   20  
    141    5199   1587   5222   1613    23   26  
    142    5261   3593   5282   3621    21   28  
    143    5205   2051   5226   2079    21   28  
    144    4631   3390   4655   3414    24   24  
    145    5573   2588   5603   2607    30   19  
    146    4431   3702   4466   3718    35   16  
    147    5605   1134   5633   1154    28   20  
    148    5609   2523   5638   2542    29   19  
    149    4757   3094   4786   3113    29   19  
    150    5521    971   5550    990    29   19  
    151    5516    809   5541    831    25   22  
    152    5633   1345   5663   1363    30   18  
    153    5254   2274   5281   2294    27   20  
    154    5539    936   5559    963    20   27  
    155    4984   1966   5000   1998    16   32  
    156    5440    662   5459    688    19   26  
    157    5722    665   5749    683    27   18  
    158    5255   2690   5279   2710    24   20  
    159    5334   1090   5360   1108    26   18  
    160    5637   1222   5663   1240    26   18  
    161    5054   2310   5077   2330    23   20  
    162    5427    712   5452    730    25   18  
    163    5462    662   5488    679    26   17  
    164    5112   2319   5134   2339    22   20  
    165    5073   1996   5092   2019    19   23  
    166    5402   2155   5427   2172    25   17  
    167    4931   2059   4951   2080    20   21  
    168    5279   2334   5305   2350    26   16  
    169    5075   2276   5099   2293    24   17  
    170    4851   1860   4867   1885    16   25  
    171    5206   1542   5226   1562    20   20  
    172    4801   3048   4829   3062    28   14  
    173    4953   2029   4979   2044    26   15  
    174    5553    733   5576    750    23   17  
    175    5240   1629   5259   1649    19   20  
    176    4933   1669   4954   1687    21   18  
    177    5326   2186   5343   2208    17   22  
    178    4946   1967   4969   1983    23   16  
    179    5714    812   5738    827    24   15  
    180    5477    876   5496    895    19   19  
    181    5425    946   5444    965    19   19  
    182    4889   1934   4909   1952    20   18  
    183    5658    763   5683    777    25   14  
    184    4908   1865   4920   1893    12   28  
    185    5387    949   5409    964    22   15  
    186    5097   2014   5120   2028    23   14  
    187    5041   1504   5058   1522    17   18  
    188    4951   1935   4968   1953    17   18  
    189    5690    823   5711    836    21   13  
    190    4921   1700   4937   1711    16   11  
